%YAML:1.0
cameraMatrix: !!opencv-matrix
   rows: 3
   cols: 3
   dt: d
   data: [ 1.5046093216137708e+03, 0., 5.5402825115565781e+02, 0.,
       1.5046093216137708e+03, 9.1390771606503193e+01, 0., 0., 1. ]
focalLength: 1.5046093216137708e+03
fov: [ 3.7585612554103257e+01, 2.8634316406631484e+01 ]
principalPoint: [ 5.5402825115565781e+02, 9.1390771606503193e+01 ]
imageSize: [ 1024, 768 ]
translationVector: !!opencv-matrix
   rows: 3
   cols: 1
   dt: d
   data: [ -1.1350155749012654e+00, 3.3570780026990072e+01,
       1.5023232791771193e+02 ]
rotationVector: !!opencv-matrix
   rows: 3
   cols: 1
   dt: d
   data: [ 2.0985136970744929e+00, 2.0997755666158175e+00,
       -2.5011587223781184e-01 ]
rotationMatrix: !!opencv-matrix
   rows: 3
   cols: 3
   dt: d
   data: [ -1.0132001457405782e-03, 9.9999332012188413e-01,
       -3.5118566422300268e-03, 9.7283841328710674e-01,
       1.7273838449705092e-04, -2.3148518698714782e-01,
       -2.3148303406187015e-01, -3.6510098687110026e-03,
       -9.7283208986363601e-01 ]
rotationAngleRadians: 2.9791567794447000e+00
rotationAngleDegrees: 1.7069309997558594e+02
rotationAxis: !!opencv-matrix
   rows: 3
   cols: 1
   dt: d
   data: [ 7.0439854376030708e-01, 7.0482210976731652e-01,
       -8.3955256723492147e-02 ]
euler: !!opencv-matrix
   rows: 3
   cols: 1
   dt: d
   data: [ 7.6615478515625000e+01, 9.0250808715820312e+01,
       8.9957267761230469e+01 ]
