%YAML:1.0
Mat: !!opencv-matrix
   rows: 149
   cols: 1
   dt: "3f"
   data: [ -27., -19., 2.50000000e-01, -27., 19., 2.50000000e-01, -27.,
       -19., -2.50000000e-01, -27., 19., 2.50000000e-01, 27., 19.,
       2.50000000e-01, -27., 19., -2.50000000e-01, 27., 19.,
       2.50000000e-01, 27., -19., 2.50000000e-01, 27., 19.,
       -2.50000000e-01, 27., -19., 2.50000000e-01, -27., -19.,
       2.50000000e-01, 27., -19., -2.50000000e-01, -27., -19.,
       -2.50000000e-01, -27., 19., -2.50000000e-01, 27., -19.,
       -2.50000000e-01, 27., -19., 2.50000000e-01, 27., 19.,
       2.50000000e-01, -27., -19., 2.50000000e-01, -3.33332896e+00,
       -3.33333492e+00, 3.58333588e+00, -3.33332896e+00, -6.66666889e+00,
       2.50001997e-01, -3.33332705e+00, -6.66666889e+00, 3.58333588e+00,
       -3.33333111e+00, -3.33333492e+00, 2.50001997e-01, 4.47034972e-06,
       -3.33333302e+00, 3.58333302e+00, -3.33333111e+00, -3.33333492e+00,
       2.50001997e-01, 2.38419011e-06, -3.33333302e+00, 2.50000000e-01,
       -3.33332896e+00, -3.33333492e+00, 3.58333588e+00, -3.33333111e+00,
       -1.78814003e-06, 3.58333588e+00, -3.33333302e+00, -1.78814003e-06,
       2.50001997e-01, 2.38419011e-06, -3.33333302e+00, 2.50000000e-01,
       -3.33332896e+00, -6.66666889e+00, 2.50001997e-01, -3.33333111e+00,
       -3.33333492e+00, 2.50001997e-01, 4.47034972e-06, -6.66666698e+00,
       2.50000000e-01, 6.55651002e-06, -6.66666698e+00, 3.58333302e+00,
       -3.33332896e+00, -6.66666889e+00, 2.50001997e-01, 4.47034972e-06,
       -6.66666698e+00, 2.50000000e-01, -3.33332705e+00, -6.66666889e+00,
       3.58333588e+00, 4.47034972e-06, -3.33333302e+00, 3.58333302e+00,
       -3.33332705e+00, -6.66666889e+00, 3.58333588e+00, -3.33332896e+00,
       -3.33333492e+00, 3.58333588e+00, 6.55651002e-06, -6.66666698e+00,
       3.58333302e+00, -3.33332705e+00, -3.33333492e+00, 6.91666985e+00,
       -3.33332491e+00, -6.66666889e+00, 6.91666985e+00, 0., 0.,
       2.50000000e-01, -3.33333302e+00, -1.78814003e-06, 2.50001997e-01,
       4.47034972e-06, -3.33333302e+00, 3.58333302e+00, 4.47034972e-06,
       -6.66666698e+00, 2.50000000e-01, 6.55651002e-06, -6.66666698e+00,
       3.58333302e+00, 2.38419011e-06, -3.33333302e+00, 2.50000000e-01,
       3.33333802e+00, -3.33333111e+00, 3.58333111e+00, 3.33333492e+00,
       -3.33333111e+00, 2.49997005e-01, 2.38419011e-06, 0.,
       3.58333302e+00, 0., 0., 2.50000000e-01, 6.55651002e-06,
       -3.33333302e+00, 6.91666698e+00, -3.33332705e+00, -3.33333492e+00,
       6.91666985e+00, 2.38419011e-06, 0., 3.58333302e+00,
       -3.33333111e+00, -1.78814003e-06, 3.58333588e+00, 2.38419011e-06,
       0., 3.58333302e+00, -3.33333302e+00, -1.78814003e-06,
       2.50001997e-01, 0., 0., 2.50000000e-01, -3.33333111e+00,
       -1.78814003e-06, 3.58333588e+00, -3.33333302e+00, 3.33333111e+00,
       3.58333588e+00, -3.33333492e+00, 3.33333111e+00, 2.50001997e-01,
       -3.33332896e+00, -1.78814003e-06, 6.91666985e+00, 3.33333492e+00,
       -3.33333111e+00, 2.49997005e-01, 3.33333802e+00, -6.66666508e+00,
       2.49997005e-01, 3.33333993e+00, -6.66666508e+00, 3.58333111e+00,
       3.33333802e+00, -6.66666508e+00, 2.49997005e-01, 8.64266985e-06,
       -6.66666698e+00, 6.91666698e+00, -3.33332491e+00, -6.66666889e+00,
       6.91666985e+00, 4.47034972e-06, -3.33333302e+00, 3.58333302e+00,
       8.64266985e-06, -6.66666698e+00, 6.91666698e+00, 6.55651002e-06,
       -6.66666698e+00, 3.58333302e+00, 6.55651002e-06, -3.33333302e+00,
       6.91666698e+00, 3.33333993e+00, -6.66666508e+00, 3.58333111e+00,
       4.47034972e-06, -3.33333302e+00, 3.58333302e+00, 6.55651002e-06,
       -6.66666698e+00, 3.58333302e+00, 3.33333802e+00, -3.33333111e+00,
       3.58333111e+00, 8.64266985e-06, -6.66666698e+00, 6.91666698e+00,
       -3.33332705e+00, -3.33333492e+00, 6.91666985e+00, -3.33332491e+00,
       -6.66666889e+00, 6.91666985e+00, 6.55651002e-06, -3.33333302e+00,
       6.91666698e+00, -1.78814003e-06, 3.33333397e+00, 2.50000000e-01,
       -3.33333492e+00, 3.33333111e+00, 2.50001997e-01, 3.33333397e+00,
       2.38419011e-06, 2.49997005e-01, 3.33333397e+00, 2.38419011e-06,
       2.49997005e-01, 3.33333802e+00, -3.33333111e+00, 3.58333111e+00,
       3.33333492e+00, -3.33333111e+00, 2.49997005e-01, 3.33333492e+00,
       2.38419011e-06, 3.58333111e+00, 3.33333802e+00, -3.33333111e+00,
       3.58333111e+00, 6.66666889e+00, -3.33332896e+00, 2.49994993e-01,
       3.33333492e+00, -3.33333111e+00, 2.49997005e-01, 6.66667080e+00,
       -3.33332896e+00, 3.58332896e+00, 3.33333802e+00, -3.33333111e+00,
       3.58333111e+00, 3.33333802e+00, -6.66666508e+00, 2.49997005e-01,
       3.33333993e+00, -6.66666508e+00, 3.58333111e+00, 3.33333492e+00,
       -3.33333111e+00, 2.49997005e-01, 2.38419011e-06, 0.,
       3.58333302e+00, 3.33333492e+00, 2.38419011e-06, 3.58333111e+00,
       -1.78814003e-06, 3.33333397e+00, 2.50000000e-01, 2.38419011e-06,
       0., 3.58333302e+00, 0., 0., 2.50000000e-01, 0., 3.33333397e+00,
       3.58333302e+00, 2.38419011e-06, 0., 3.58333302e+00,
       3.33333397e+00, 2.38419011e-06, 2.49997005e-01, 0., 0.,
       2.50000000e-01, 3.33333492e+00, 2.38419011e-06, 3.58333111e+00,
       4.47034972e-06, 0., 6.91666698e+00, 4.47034972e-06, 0.,
       6.91666698e+00, -3.33332705e+00, -3.33333492e+00, 6.91666985e+00,
       -3.33332896e+00, -1.78814003e-06, 6.91666985e+00, 6.55651002e-06,
       -3.33333302e+00, 6.91666698e+00, 8.64266985e-06, -3.33333302e+00,
       1.02500000e+01, -3.33332491e+00, -3.33333492e+00, 1.02500000e+01,
       -3.33333302e+00, 3.33333111e+00, 3.58333588e+00, -3.33333111e+00,
       -1.78814003e-06, 3.58333588e+00, 0., 3.33333397e+00,
       3.58333302e+00, -3.33332896e+00, -1.78814003e-06, 6.91666985e+00,
       -3.33333111e+00, -1.78814003e-06, 3.58333588e+00, 4.47034972e-06,
       0., 6.91666698e+00, -3.33333302e+00, 3.33333111e+00,
       3.58333588e+00, -1.78814003e-06, 3.33333397e+00, 2.50000000e-01,
       -3.33333492e+00, 3.33333111e+00, 2.50001997e-01, 0.,
       3.33333397e+00, 3.58333302e+00, -3.33332705e+00, -1.78814003e-06,
       1.02500000e+01, -3.33332491e+00, -3.33333492e+00, 1.02500000e+01,
       6.66666889e+00, -3.33332896e+00, 2.49994993e-01, 6.66667080e+00,
       -6.66666222e+00, 2.49994993e-01, 6.66667414e+00, -6.66666222e+00,
       3.58332896e+00, 6.66667080e+00, -6.66666222e+00, 2.49994993e-01,
       6.66667414e+00, -6.66666222e+00, 3.58332896e+00, 6.66667080e+00,
       -3.33332896e+00, 3.58332896e+00, 6.66666889e+00, -3.33332896e+00,
       2.49994993e-01, 6.66667414e+00, -6.66666222e+00, 3.58332896e+00,
       6.66667080e+00, -6.66666222e+00, 2.49994993e-01, 6.66667080e+00,
       -3.33332896e+00, 3.58332896e+00, 8.64266985e-06, -3.33333302e+00,
       1.02500000e+01, 6.55651002e-06, 0., 1.02500000e+01,
       -3.33332705e+00, -1.78814003e-06, 1.02500000e+01, 6.55651002e-06,
       0., 1.02500000e+01, 8.64266985e-06, -3.33333302e+00,
       1.02500000e+01, -3.33332705e+00, -1.78814003e-06, 1.02500000e+01,
       -3.33332491e+00, -3.33333492e+00, 1.02500000e+01, 6.55651002e-06,
       0., 1.02500000e+01, -27., 19., -2.50000000e-01, 27., 19.,
       -2.50000000e-01, 27., -19., -2.50000000e-01, -27., -19.,
       -2.50000000e-01, 27., 19., -2.50000000e-01, -27., 19.,
       2.50000000e-01 ]
