%YAML:1.0
cameraMatrix: !!opencv-matrix
   rows: 3
   cols: 3
   dt: d
   data: [ 2.0296332500875055e+03, 0., 5.1413416105172291e+02, 0.,
       2.0296332500875055e+03, -5.6742554597550544e+01, 0., 0., 1. ]
focalLength: 2.0296332500875055e+03
fov: [ 2.8316350359974894e+01, 2.1427081713998657e+01 ]
principalPoint: [ 5.1413416105172291e+02, -5.6742554597550544e+01 ]
imageSize: [ 1024, 768 ]
translationVector: !!opencv-matrix
   rows: 3
   cols: 1
   dt: d
   data: [ 2.2930170454812333e+00, 3.9088722270268597e+01,
       1.9030840528767749e+02 ]
rotationVector: !!opencv-matrix
   rows: 3
   cols: 1
   dt: d
   data: [ -1.3564026265000828e+00, -1.0747450373206977e+00,
       1.3886260333705120e+00 ]
rotationMatrix: !!opencv-matrix
   rows: 3
   cols: 3
   dt: d
   data: [ -4.3342001471473601e-03, -2.4124148040391924e-02,
       -9.9969957496760486e-01, 9.7380613969456165e-01,
       -2.2737634473332569e-01, 1.2649699159005823e-03,
       -2.2733855150911120e-01, -9.7350810132070142e-01,
       2.4477738063435339e-02 ]
rotationAngleRadians: 2.2188256445642844e+00
rotationAngleDegrees: 1.2712934112548828e+02
rotationAxis: !!opencv-matrix
   rows: 3
   cols: 1
   dt: d
   data: [ -6.1131555326261000e-01, -4.8437561552149250e-01,
       6.2583828376618544e-01 ]
euler: !!opencv-matrix
   rows: 3
   cols: 1
   dt: d
   data: [ 7.6857139587402344e+01, 9.1092201232910156e+01,
       -1.7968124389648438e+02 ]
