%YAML:1.0
Mat: !!opencv-matrix
   rows: 44
   cols: 1
   dt: "3f"
   data: [ -27., 2.24999994e-01, 19., -27., 2.24999994e-01, -19., -27.,
       -2.75000006e-01, -19., -27., -2.75000006e-01, 19., 27.,
       2.24999994e-01, -19., 27., -2.75000006e-01, -19., 27.,
       2.24999994e-01, 19., 27., -2.75000006e-01, 19., -3.33332896e+00,
       3.55833602e+00, 3.33333492e+00, -3.33332896e+00, 2.25002006e-01,
       6.66666889e+00, -3.33332705e+00, 3.55833602e+00, 6.66666889e+00,
       -3.33333111e+00, 2.25002006e-01, 3.33333492e+00, 3.99999999e-06,
       3.55833292e+00, 3.33333302e+00, 1.99999999e-06, 2.24999994e-01,
       3.33333302e+00, -3.33333111e+00, 3.55833602e+00, 1.99999999e-06,
       -3.33333302e+00, 2.25002006e-01, 1.99999999e-06, 3.99999999e-06,
       2.24999994e-01, 6.66666698e+00, 7.00000010e-06, 3.55833292e+00,
       6.66666698e+00, -3.33332705e+00, 6.89167023e+00, 3.33333492e+00,
       -3.33332491e+00, 6.89167023e+00, 6.66666889e+00, 0.,
       2.24999994e-01, 0., 3.33333802e+00, 3.55833101e+00,
       3.33333111e+00, 3.33333492e+00, 2.24997997e-01, 3.33333111e+00,
       1.99999999e-06, 3.55833292e+00, 0., 7.00000010e-06,
       6.89166689e+00, 3.33333302e+00, -3.33333302e+00, 3.55833602e+00,
       -3.33333111e+00, -3.33333492e+00, 2.25002006e-01, -3.33333111e+00,
       -3.33332896e+00, 6.89167023e+00, 1.99999999e-06, 3.33333802e+00,
       2.24997997e-01, 6.66666508e+00, 3.33333993e+00, 3.55833101e+00,
       6.66666508e+00, 9.00000032e-06, 6.89166689e+00, 6.66666698e+00,
       -1.99999999e-06, 2.24999994e-01, -3.33333397e+00, 3.33333397e+00,
       2.24997997e-01, -1.99999999e-06, 3.33333492e+00, 3.55833101e+00,
       -1.99999999e-06, 6.66666889e+00, 2.24996001e-01, 3.33332896e+00,
       6.66667080e+00, 3.55832911e+00, 3.33332896e+00, 0.,
       3.55833292e+00, -3.33333397e+00, 3.99999999e-06, 6.89166689e+00,
       0., 9.00000032e-06, 1.02250004e+01, 3.33333302e+00,
       -3.33332491e+00, 1.02250023e+01, 3.33333492e+00, -3.33332705e+00,
       1.02250023e+01, 1.99999999e-06, 6.66667080e+00, 2.24996001e-01,
       6.66666222e+00, 6.66667414e+00, 3.55832911e+00, 6.66666222e+00,
       7.00000010e-06, 1.02250004e+01, 0. ]
