%YAML:1.0
cameraMatrix: !!opencv-matrix
   rows: 3
   cols: 3
   dt: d
   data: [ 1.8280159457334451e+03, 0., 5.2383456284604870e+02, 0.,
       1.8280159457334451e+03, -3.0314451455526868e+01, 0., 0., 1. ]
focalLength: 1.8280159457334451e+03
fov: [ 3.1293533818278689e+01, 2.3726561738435375e+01 ]
principalPoint: [ 5.2383456284604870e+02, -3.0314451455526868e+01 ]
imageSize: [ 1024, 768 ]
translationVector: !!opencv-matrix
   rows: 3
   cols: 1
   dt: d
   data: [ 1.5052032500065113e+00, 4.4952197702567268e+01,
       2.1177571296831175e+02 ]
rotationVector: !!opencv-matrix
   rows: 3
   cols: 1
   dt: d
   data: [ -1.3694420859809007e+00, -1.0802769391513003e+00,
       1.3847700604934932e+00 ]
rotationMatrix: !!opencv-matrix
   rows: 3
   cols: 3
   dt: d
   data: [ -1.3732304927493999e-03, -1.2349162174266626e-02,
       -9.9992280323613369e-01, 9.7287225665274213e-01,
       -2.3133797545246837e-01, 1.5209697414855228e-03,
       -2.3133889961140397e-01, -9.7279506542084537e-01,
       1.2331837634271925e-02 ]
rotationAngleRadians: 2.2270963186528272e+00
rotationAngleDegrees: 1.2760321807861328e+02
rotationAxis: !!opencv-matrix
   rows: 3
   cols: 1
   dt: d
   data: [ -6.1490025128741521e-01, -4.8506071789690752e-01,
       6.2178274414783374e-01 ]
euler: !!opencv-matrix
   rows: 3
   cols: 1
   dt: d
   data: [ 7.6623832702636719e+01, 9.0340080261230469e+01,
       -1.7962329101562500e+02 ]
